5.05	197.68166
5.1499996	279.8111
5.25	351.7067
5.3500004	401.1643
5.45	430.38464
5.55	443.14307
5.6499996	447.99677
5.75	449.92435
5.8500004	450.82483
5.95	451.33752
6.05	451.58804
6.1499996	451.94717
6.25	452.2445
6.3500004	452.77405
6.45	453.0979
6.55	452.62027
6.6499996	452.34454
6.75	452.74042
6.8500004	453.30682
6.95	454.09283
7.05	454.89664
7.1499996	455.4277
7.25	455.7205
7.3500004	456.1929
7.45	456.65182
7.55	457.38724
7.6499996	458.08493
7.75	458.3443
7.8500004	458.22263
7.95	458.66846
8.05	459.2576
8.15	459.47772
8.25	459.5104
8.35	460.46893
8.45	461.41812
8.55	461.16553
8.65	461.01294
8.75	460.5195
8.85	459.9151
8.95	460.4165
9.05	461.0266
9.15	460.87192
9.25	460.75467
9.35	461.2135
9.45	461.6953
9.55	461.00385
9.65	460.05243
9.75	457.78693
9.85	456.10803
9.95	452.56674
10.05	448.8469
10.15	445.77713
10.25	442.72064
10.35	439.6633
10.45	436.85254
10.55	431.4588
10.65	425.98315
10.75	422.67838
10.85	419.25235
10.95	416.99008
11.05	414.71945
11.15	410.95053
11.25	407.03223
11.35	405.37918
11.45	403.6809
11.55	396.8437
11.65	389.8873
11.75	384.91852
11.85	379.9413
11.95	375.56055
12.05	371.1372
12.15	367.6098
12.25	364.08725
12.35	362.36276
12.45	360.5744
12.55	356.94962
12.65	353.38943
12.75	351.1545
12.85	348.9489
12.95	346.64703
13.05	344.11633
13.15	342.95514
13.25	341.83926
13.35	338.44977
13.45	335.29672
13.55	332.16916
13.65	329.15497
13.75	326.54507
13.85	323.9237
13.95	321.91483
14.05	319.82285
14.15	319.0005
14.25	318.17914
14.35	314.98117
14.45	311.62344
14.55	310.03696
14.65	308.5888
14.75	306.41925
14.85	304.18744
14.95	302.17178
15.05	300.29
15.15	299.8445
15.25	299.3807
15.35	296.8683
15.45	294.4404
15.55	292.57474
15.65	290.6561
15.75	288.77188
15.85	286.7376
15.95	285.19888
16.05	283.72742
16.15	281.86072
16.25	280.0825
16.35	278.02756
16.45	276.03616
16.55	275.01913
16.65	274.0798
16.75	273.18988
16.85	272.2219
16.95	270.18448
17.05	268.09177
17.15	266.85898
17.25	265.68335
17.35	263.98715
17.45	262.23962
17.55	260.825
17.65	259.4264
17.75	259.03156
17.85	258.5862
17.95	256.54553
18.05	254.50272
18.15	253.12386
18.25	251.7322
18.349998	250.12538
18.45	248.48773
18.55	247.40063
18.650002	246.29082
18.75	245.56743
18.849998	244.79897
18.95	243.37146
19.05	241.98293
19.150002	240.29417
19.25	238.60776
19.349998	237.84966
19.45	237.12497
19.55	234.9851
19.650002	232.84157
19.75	233.04092
19.849998	233.26614
19.95	231.48291
20.05	229.70671
20.150002	228.44193
20.25	227.2243
20.349998	225.91864
20.45	224.58563
20.55	223.53043
20.650002	222.42531
20.75	222.04413
20.849998	221.64294
20.95	220.13327
21.05	218.55733
21.150002	217.54308
21.25	216.46947
21.349998	215.58595
21.45	214.63278
21.55	213.4974
21.650002	212.31673
21.75	211.7261
21.849998	211.12881
21.95	210.19476
22.05	209.26935
22.150002	208.22137
22.25	207.1624
22.349998	207.4262
22.45	207.66054
22.55	205.98386
22.650002	204.31567
22.75	203.55037
22.849998	202.79958
22.95	201.83846
23.05	200.97302
23.150002	200.32204
23.25	199.64052
23.349998	199.05055
23.45	198.49887
23.55	197.3696
23.650002	196.24648
23.75	195.24303
23.849998	194.33209
23.95	193.58795
24.05	192.83575
24.150002	192.08734
24.25	191.31578
24.349998	190.86617
24.45	190.35501
24.55	188.88458
24.650002	187.41403
24.75	186.45558
24.849998	185.48969
24.95	184.85135
25.05	184.21295
25.150002	183.2929
25.25	182.40808
25.349998	181.88237
25.45	181.3088
25.55	180.23106
25.650002	179.14455
25.75	178.18605
25.849998	177.21144
25.95	176.42145
26.05	175.64584
26.150002	174.76897
26.25	173.88326
26.349998	173.53992
26.45	173.19298
26.55	171.83636
26.650002	170.44885
26.75	158.30542
26.849998	157.8843
26.95	156.60101
27.05	155.25938
27.150002	154.69583
27.25	154.18962
27.349998	153.42813
27.45	152.61551
27.55	152.4194
27.650002	152.51845
27.75	152.3853
27.849998	152.6225
27.95	153.5255
28.05	154.90872
28.150002	157.02399
28.25	158.89009
28.349998	160.95502
28.45	162.12595
28.55	163.81041
28.650002	164.89018
28.75	164.49068
28.849998	164.06021
28.95	164.23444
29.05	164.32274
29.150002	164.60596
29.25	164.76491
29.349998	164.69186
29.45	164.67282
29.55	164.20323
29.650002	163.63605
29.75	163.48402
29.849998	163.50912
29.95	164.18251
30.05	164.89363
30.150002	163.84511
30.25	162.76244
30.349998	163.20433
30.45	163.42288
30.55	162.97035
30.650002	162.63861
30.75	162.56558
30.849998	162.57053
30.95	162.2424
31.05	161.932
31.150002	161.88805
31.25	161.79303
31.349998	161.98117
31.45	162.06595
31.55	161.20235
31.650002	160.2889
31.75	159.49924
31.849998	158.65227
31.95	145.8164
32.05	145.41063
32.15	145.32884
32.25	145.49127
32.35	146.17368
32.45	146.92543
32.55	147.64136
32.65	148.26149
32.75	147.92497
32.85	147.34116
32.95	147.0956
33.05	146.64111
33.15	146.10196
33.25	145.57893
33.35	145.0084
33.45	144.45222
33.55	144.26495
33.65	144.07478
33.75	143.2426
33.85	142.41893
33.95	141.60143
34.05	140.83595
34.15	140.3547
34.25	139.91196
34.35	139.07092
34.45	138.19476
34.55	137.73364
34.65	137.28908
34.75	136.3462
34.85	135.413
34.95	134.77864
35.05	134.1221
35.15	133.4281
35.25	132.7302
35.35	132.28792
35.45	131.83733
35.55	131.31917
35.65	130.73038
35.75	130.05754
35.85	129.35426
35.95	129.41718
36.05	129.47649
36.15	129.24791
36.25	128.96152
36.35	128.3895
36.45	127.81625
36.55	127.86851
36.65	127.927185
36.75	127.436226
36.85	126.915306
36.95	126.88811
37.05	126.83671
37.15	126.93532
37.25	127.00978
37.35	126.328804
37.45	125.650276
37.55	125.04956
37.65	124.43635
37.75	124.644485
37.85	124.84765
37.95	123.9249
38.05	122.99478
38.15	122.88213
38.25	122.75718
38.35	122.18068
38.45	121.61525
38.55	120.63189
38.65	119.62568
38.75	119.76091
38.85	119.89975
38.95	119.56159
39.05	119.21859
39.15	118.81612
39.25	118.39226
39.35	117.88236
39.45	117.35234
39.55	116.90742
39.65	116.46718
39.75	116.63571
39.85	116.81479
39.95	116.52926
40.05	116.244865
40.15	115.91867
40.25	115.59251
40.35	115.46541
40.45	115.34525
40.55	114.884415
40.65	114.41895
40.75	114.126976
40.85	113.82586
40.95	113.31875
41.05	112.81165
41.15	112.24811
41.25	111.68905
41.35	111.01741
41.45	110.355705
41.55	109.94857
41.65	109.5381
41.75	109.42847
41.85	109.3243
41.95	108.12996
42.05	106.93043
42.15	106.232414
42.25	105.521645
42.35	105.29116
42.45	105.074356
42.55	104.456406
42.65	103.83841
42.75	103.654594
42.85	103.47079
42.95	102.84286
43.05	102.20978
43.15	101.87809
43.25	101.55256
43.35	101.05138
43.45	100.54305
43.55	100.29545
43.65	100.03277
43.75	100.081215
43.85	100.12364
43.95	99.51146
44.05	98.90527
44.15	98.97517
44.25	99.04604
44.35	98.52373
44.45	97.99648
44.55	97.810555
44.65	97.614815
44.75	97.34668
44.85	97.09119
44.95	96.93209
45.05	96.781746
45.15	96.69472
45.25	96.62319
45.35	95.84425
45.45	95.06149
45.55	95.25672
45.65	95.45195
45.75	94.94792
45.85	94.44963
45.95	93.79035
46.05	93.132095
46.15	93.04385
46.25	92.94256
46.35	92.6616
46.45	92.38338
46.55	91.932785
46.65	91.47851
46.75	91.50148
46.85	91.52903
46.95	90.87498
47.05	90.220985
47.15	90.01435
47.25	89.80141
47.35	89.59375
47.45	89.37799
47.55	89.04733
47.65	88.71042
47.75	88.6198
47.85	88.52651
47.95	88.45125
48.05	88.36891
48.15	87.916916
48.25	87.4623
48.35	87.39438
48.45	87.330826
48.55	86.961754
48.65	86.59444
48.75	86.75446
48.85	86.91016
48.95	86.09649
49.05	85.28297
49.15	85.20011
49.25	85.10872
49.35	84.9863
49.45	84.86218
49.55	84.24351
49.65	83.614716
49.75	83.71341
49.85	83.81461
49.95	83.59043
50.05	83.35202
50.15	82.80117
50.25	82.24701
50.35	82.116394
50.45	81.97591
50.55	81.71411
50.65	81.44575
50.75	81.33689
50.85	81.223946
50.95	80.91967
51.05	80.61135
51.15	80.158356
51.25	79.7126
51.35	79.872444
51.45	80.03789
51.55	79.604004
51.65	79.165375
51.75	79.070435
51.85	78.96679
51.95	78.63148
52.05	78.297775
52.15	77.98377
52.25	77.663574
52.35	77.78626
52.45	77.91129
52.55	77.25156
52.65	76.59182
52.75	76.70385
52.85	76.81894
52.95	76.32349
53.05	75.83568
53.15	75.423355
53.25	75.01937
53.35	74.684265
53.45	74.337944
53.55	73.890755
53.65	73.445076
53.75	73.45522
53.85	73.460945
53.95	73.12484
54.05	72.78655
54.15	72.26821
54.25	71.748474
54.35	71.857834
54.45	71.96144
54.55	71.81651
54.65	71.66583
54.75	71.57758
54.85	71.49793
54.95	71.03931
55.05	70.58354
55.15	70.47594
55.25	70.37046
55.35	69.93516
55.45	69.49917
55.55	68.909645
55.65	68.315285
55.75	68.569244
55.85	68.82113
55.95	68.44385
56.05	68.06521
56.15	67.864624
56.25	67.660675
56.35	67.35737
56.45	67.047295
56.55	66.90864
56.65	66.77134
56.75	66.690445
56.85	66.61823
56.95	66.28159
57.05	65.939644
57.15	65.45977
57.25	64.98646
57.35	64.91168
57.45	64.83235
57.55	64.50862
57.65	64.18364
57.75	64.32804
57.85	64.470505
57.95	63.934757
58.05	63.397766
58.15	63.071888
58.25	62.752357
58.35	62.68034
58.45	62.61209
58.55	62.344444
58.65	62.08428
58.75	61.8053
58.85	61.529423
58.95	61.492958
59.05	61.44849
59.15	60.897343
59.25	60.341343
59.35	60.172623
59.45	60.005733
59.55	60.138878
59.65	60.274437
59.75	60.113438
59.85	59.955456
59.95	59.657833
60.05	59.36261
60.15	58.950443
60.25	58.541855
60.35	58.54001
60.45	58.54285
60.55	58.316772
60.65	58.09423
60.75	57.833866
60.85	57.561924
60.95	57.284615
61.05	57.002163
61.15	57.05626
61.25	57.105206
61.35	56.818447
61.45	56.526005
61.55	56.48721
61.65	56.442173
61.75	56.193306
61.85	55.944473
61.95	55.465977
62.05	54.98863
62.15	54.772915
62.25	54.55942
62.35	54.075695
62.45	53.599045
62.55	53.92941
62.65	54.257015
62.75	54.204983
62.85	54.1573
62.95	53.947918
63.05	53.745064
63.15	53.497093
63.25	53.250767
63.35	52.68072
63.45	52.113373
63.55	52.09555
63.65	52.0678
63.75	52.020123
63.85	51.978714
63.95	51.56655
64.05	51.15237
64.149994	51.28022
64.25	51.415752
64.350006	50.858128
64.45	50.304184
64.55	50.12429
64.649994	49.952457
64.75	49.874237
64.850006	49.799026
64.95	49.242695
65.05	48.67805
65.149994	48.84542
65.25	49.01275
65.350006	48.608006
65.45	48.20724
65.55	48.236652
65.649994	48.26268
65.75	48.282322
65.850006	48.30681
65.95	48.224983
66.05	48.153343
66.149994	48.083225
66.25	48.013603
66.350006	47.867634
66.45	47.727966
66.55	47.308838
66.649994	46.894012
66.75	46.6639
66.850006	46.43517
66.95	46.426838
67.05	46.41384
67.149994	46.30025
67.25	46.182976
67.350006	46.089848
67.45	45.990734
67.55	46.044006
67.649994	46.098648
67.75	45.793324
67.850006	45.48433
67.95	45.173496
68.05	44.86321
68.149994	44.74641
68.25	44.628323
68.350006	44.727535
68.45	44.82627
68.55	44.70977
68.649994	44.585197
68.75	44.39305
68.850006	44.19738
68.95	44.144962
69.05	44.091217
69.149994	43.253906
69.25	42.41246
69.350006	41.693825
69.45	40.96001
69.55	40.596527
69.649994	40.23265
69.75	39.904335
69.850006	39.573288
69.95	39.41624
70.05	39.26321
70.149994	39.44114
70.25	39.618984
70.350006	39.437416
70.45	39.23683
70.55	39.285294
70.649994	39.328167
70.75	38.955925
70.850006	38.57283
70.95	38.129772
71.05	37.693382
71.149994	37.48399
71.25	37.2656
71.350006	37.24228
71.45	37.22349
71.55	37.386982
71.649994	37.54816
71.75	37.337032
71.850006	37.122574
71.95	37.268074
72.05	37.40747
72.149994	37.11731
72.25	36.837414
72.350006	36.67597
72.45	36.518333
72.55	36.595943
72.649994	36.66945
72.75	36.38872
72.850006	36.105198
72.95	36.15316
73.05	36.200348
73.149994	36.18019
73.25	36.160397
73.350006	35.956814
73.45	35.743507
73.55	35.722008
73.649994	35.693245
73.75	35.6063
73.850006	35.511063
73.95	35.50929
74.05	35.511135
74.149994	35.46884
74.25	35.438118
74.350006	35.46055
74.45	35.47647
74.55	35.48329
74.649994	35.483944
74.75	34.79925
74.850006	34.122555
74.95	33.7513
75.05	33.37923
75.149994	33.368286
75.25	33.345753
75.350006	33.234047
75.45	33.11932
75.55	32.973732
75.649994	32.827583
75.75	32.998257
75.850006	33.168156
75.95	33.424232
76.05	33.680046
76.149994	33.60714
76.25	33.520164
76.350006	33.509693
76.45	33.489605
76.55	33.568882
76.649994	33.645344
76.75	32.791542
76.850006	31.937572
76.95	31.67901
77.05	31.424923
77.149994	31.085419
77.25	30.752834
77.350006	30.727108
77.45	30.711187
77.55	30.51167
77.649994	30.307545
77.75	29.315231
77.850006	28.327993
77.95	26.479635
78.05	24.625761
78.149994	21.740746
78.25	18.841215
78.350006	15.905779
78.45	12.972234
78.55	11.640332
78.649994	10.309477
78.75	7.8477297
78.850006	5.387432
78.95	4.7001214
79.05	4.012748
79.149994	3.7288532
79.25	3.4472113
79.350006	3.4712884
79.45	3.4953296
79.55	3.5123763
79.649994	3.5307217
79.75	3.7094648
79.850006	3.8895218
79.95	3.9454107
80.05	4.0025477
80.149994	4.0602956
80.25	4.1177893
80.350006	4.1745343
80.45	4.230474
80.55	4.2875867
80.649994	4.3457313
80.75	4.4025245
80.850006	4.45898
80.95	4.516537
81.05	4.573585
81.149994	4.630782
81.25	4.6876497
81.350006	4.7444096
81.45	4.7994094
81.55	4.8557854
81.649994	4.911241
81.75	4.9686017
81.850006	5.02382
81.95	5.081083
82.05	5.135906
82.149994	5.1900873
82.25	5.2453814
82.350006	5.3029356
82.45	5.3578534
82.55	5.4126687
82.649994	5.4658036
82.75	5.523255
82.850006	5.577137
82.95	5.632007
83.05	5.688196
83.149994	5.7444053
83.25	5.7978845
83.350006	5.853538
83.45	5.9073267
83.55	5.9654865
83.649994	6.015312
83.75	6.066749
83.850006	6.118044
83.95	6.1664486
84.05	6.2069283
84.149994	6.237181
84.25	6.248975
84.350006	6.250957
84.45	6.2244377
84.55	6.190947
84.649994	6.089324
84.75	6.004817
84.850006	5.833955
84.95	5.63181
